## 20220525 T265 相机内参和畸变参数
## 相机参数
fx: 285.8013916015625
fy: 285.9468078613281
x0: 426.1769104003906
y0: 399.7627868652344

## 畸变参数
k1: -0.005429982207715511
k2: 0.0410761795938015
p1: -0.03873322904109955
p2: 0.006543133873492479
k3: 0.0

## aruco_det 二维码的边长(默认0.2m)
aruco_det_len: 0.188

## ellipse_det 圆的半径(默认0.2m)
ellipse_det_r: 0.6

## kcf_tracker 目标高度(默认1.7m)
kcf_tracker_h: 1.7

## landpad_det 降落板边长(默认0.6m)，0.6m包括边缘白色部分，黑色部分边长为0.4m
## 2021.1.18降落板边长为0.188m
landpad_det_len: 0.188

## digitnum_det 数字周围的方框边长(默认1m)
digitnum_det_len: 0.162

## YOLO检测中的行人高度(m)
yolo_det_person_height: 1.7

## YOLO检测中的无人机宽度(m)
yolo_det_uav_width: 0.5

